1788255859177 0.7994505763053894 0
1788255859547 0.9560439586639404 2
1788255859412 0.9203296899795532 1
1788255859946 0.9642857313156128 4
1788255859744 0.9697802066802979 3
1788255860095 0.9642857313156128 5
1788255860296 0.9615384340286255 6
1788255860423 0.9780219793319702 7
1788255860717 0.9807692170143127 8
1788255861169 0.9780219793319702 10
1788255861316 0.9862637519836426 11
1788255860996 0.9807692170143127 9
1788255861837 0.9835164546966553 12
1788255863198 0.9917582273483276 13
1788255863313 0.9917582273483276 14
1788255863740 0.9835164546966553 15
1788255863867 0.9752747416496277 16
1788255864767 0.9917582273483276 18
1788255865085 0.9972527623176575 19
1788255864650 0.9917582273483276 17
