1788255859177 0.44681036472320557 0
1788255859547 0.14871075749397278 2
1788255859412 0.2074277549982071 1
1788255859946 0.10548937320709229 4
1788255859744 0.12242845445871353 3
1788255860095 0.10295507311820984 5
1788255860296 0.08017158508300781 6
1788255860423 0.07323823124170303 7
1788255860717 0.058630336076021194 8
1788255861169 0.048226382583379745 10
1788255861316 0.048430249094963074 11
1788255860996 0.05769713968038559 9
1788255861837 0.044531501829624176 12
1788255863198 0.03427209332585335 13
1788255863313 0.03974951431155205 14
1788255863740 0.04328189417719841 15
1788255863867 0.052672091871500015 16
1788255864767 0.03457656130194664 18
1788255865085 0.022014690563082695 19
1788255864650 0.035250790417194366 17
