1788255905616 0.7676470875740051 0
1788255905736 0.9147058725357056 1
1788255905859 0.9470587968826294 2
1788255905981 0.949999988079071 3
1788255906098 0.9617646932601929 4
1788255906222 0.970588207244873 5
1788255906341 0.9647058844566345 6
1788255906455 0.9764705896377563 7
1788255906568 0.9823529124259949 8
1788255906680 0.9823529124259949 9
1788255906797 0.9823529124259949 10
1788255906913 0.9882352948188782 11
1788255907034 0.9852941036224365 12
1788255907155 0.979411780834198 13
1788255907278 0.9764705896377563 14
1788255907389 0.9823529124259949 15
1788255907502 0.9882352948188782 16
1788255907614 0.9882352948188782 17
