1788255905616 0.45589596033096313 0
1788255905736 0.23077423870563507 1
1788255905859 0.16956135630607605 2
1788255905981 0.1416320502758026 3
1788255906098 0.11106201261281967 4
1788255906222 0.10709021985530853 5
1788255906341 0.08374448865652084 6
1788255906455 0.07234074920415878 7
1788255906568 0.07212907820940018 8
1788255906680 0.0575215108692646 9
1788255906797 0.06852308660745621 10
1788255906913 0.044331420212984085 11
1788255907034 0.06464260071516037 12
1788255907155 0.051969196647405624 13
1788255907278 0.054507844150066376 14
1788255907389 0.04222335293889046 15
1788255907502 0.03891902416944504 16
1788255907614 0.0416390597820282 17
