1788255991619 0.791208803653717 0
1788255991835 0.9175823926925659 1
1788255992038 0.9368131756782532 2
1788255992262 0.9450549483299255 3
1788255992454 0.9615384340286255 4
1788255992647 0.958791196346283 5
1788255992842 0.9725274443626404 6
1788255993030 0.9725274443626404 7
1788255993238 0.9807692170143127 8
1788255993431 0.9752747416496277 9
1788255993617 0.9835164546966553 10
1788255993797 0.9780219793319702 11
1788255993984 0.9890109896659851 12
1788255994206 0.9890109896659851 13
1788255994398 0.9890109896659851 14
1788255994583 0.9890109896659851 15
1788255994755 0.9890109896659851 16
1788255994952 0.9890109896659851 17
1788255995126 0.9862637519836426 18
1788255995289 0.9917582273483276 19
1788255995498 0.9917582273483276 20
1788255995675 0.9890109896659851 21
1788255995859 0.9917582273483276 22
1788255996032 0.9917582273483276 23
1788255996173 0.9945054650306702 24
1788255996373 0.9917582273483276 25
1788255996565 0.9890109896659851 26
1788255996732 0.9972527623176575 27
1788255996933 0.9972527623176575 28
1788255997090 0.9890109896659851 29
1788255997223 0.9917582273483276 30
1788255997356 0.9862637519836426 31
1788255997494 0.9972527623176575 32
1788255997624 0.9972527623176575 33
1788255997749 0.9890109896659851 34
1788255997874 0.9945054650306702 35
1788255998009 0.9945054650306702 36
1788255998181 0.9917582273483276 37
1788255998367 0.9945054650306702 38
1788255998519 0.9945054650306702 39
