1788255991619 0.46625182032585144 0
1788255991835 0.22486527264118195 1
1788255992038 0.1623849719762802 2
1788255992262 0.14286014437675476 3
1788255992454 0.11998294293880463 4
1788255992647 0.11710149794816971 5
1788255992842 0.0791744813323021 6
1788255993030 0.07793661206960678 7
1788255993238 0.07624496519565582 8
1788255993431 0.062281519174575806 9
1788255993617 0.05051647871732712 10
1788255993797 0.06415792554616928 11
1788255993984 0.04498135298490524 12
1788255994206 0.05798083171248436 13
1788255994398 0.040511664003133774 14
1788255994583 0.038707662373781204 15
1788255994755 0.03413034975528717 16
1788255994952 0.03983398154377937 17
1788255995126 0.032015882432460785 18
1788255995289 0.03574578836560249 19
1788255995498 0.027274170890450478 20
1788255995675 0.03078237548470497 21
1788255995859 0.028028860688209534 22
1788255996032 0.02864314615726471 23
1788255996173 0.02298741042613983 24
1788255996373 0.021270956844091415 25
1788255996565 0.029917405918240547 26
1788255996732 0.016359318047761917 27
1788255996933 0.02014424465596676 28
1788255997090 0.026171598583459854 29
1788255997223 0.020976778119802475 30
1788255997356 0.02418925240635872 31
1788255997494 0.011619174852967262 32
1788255997624 0.015849051997065544 33
1788255997749 0.019200695678591728 34
1788255997874 0.009462643414735794 35
1788255998009 0.012441590428352356 36
1788255998181 0.01822645589709282 37
1788255998367 0.013571256771683693 38
1788255998519 0.012468776665627956 39
