1788255946985 0.8021978139877319 0
1788255947105 0.9285714030265808 1
1788255947234 0.942307710647583 2
1788255947369 0.9532967209815979 3
1788255947511 0.9642857313156128 4
1788255947666 0.9642857313156128 5
1788255947783 0.9697802066802979 6
1788255947902 0.9725274443626404 7
1788255948021 0.9725274443626404 8
1788255948143 0.9807692170143127 9
1788255948268 0.9835164546966553 10
1788255948391 0.9890109896659851 11
1788255948511 0.9807692170143127 12
1788255948629 0.9835164546966553 13
1788255948747 0.9862637519836426 14
1788255948865 0.9807692170143127 15
1788255948983 0.9807692170143127 16
1788255949100 0.9917582273483276 17
1788255949216 0.9945054650306702 18
1788255949352 0.9890109896659851 19
1788255949475 0.9890109896659851 20
1788255949596 0.9917582273483276 21
1788255949715 0.9890109896659851 22
1788255949853 0.9917582273483276 23
1788255949973 0.9917582273483276 24
1788255950094 0.9890109896659851 25
1788255950213 0.9945054650306702 26
1788255950344 0.9917582273483276 27
1788255950465 0.9945054650306702 28
1788255950584 1.0 29
1788255950706 0.9890109896659851 30
1788255950821 0.9917582273483276 31
1788255950939 0.9945054650306702 32
1788255951058 0.9917582273483276 33
1788255951174 1.0 34
1788255951300 1.0 35
1788255951423 0.9890109896659851 36
1788255951547 1.0 37
1788255951671 1.0 38
1788255951788 0.9972527623176575 39
1788255951907 0.9945054650306702 40
1788255952026 0.9972527623176575 41
1788255952144 0.9917582273483276 42
1788255952266 0.9972527623176575 43
1788255952387 0.9972527623176575 44
1788255952505 0.9945054650306702 45
1788255952625 0.9972527623176575 46
1788255952740 0.9917582273483276 47
