1788255946985 0.4599311053752899 0
1788255947105 0.22449268400669098 1
1788255947234 0.1629718393087387 2
1788255947369 0.13844378292560577 3
1788255947511 0.10757773369550705 4
1788255947666 0.11778908967971802 5
1788255947783 0.09376993030309677 6
1788255947902 0.08872274309396744 7
1788255948021 0.09385477751493454 8
1788255948143 0.07527268677949905 9
1788255948268 0.06513012200593948 10
1788255948391 0.058555975556373596 11
1788255948511 0.052216194570064545 12
1788255948629 0.052966371178627014 13
1788255948747 0.04427073150873184 14
1788255948865 0.05442574620246887 15
1788255948983 0.03758770972490311 16
1788255949100 0.03901846706867218 17
1788255949216 0.03148943558335304 18
1788255949352 0.051452841609716415 19
1788255949475 0.031005332246422768 20
1788255949596 0.03593715652823448 21
1788255949715 0.028499238193035126 22
1788255949853 0.025380225852131844 23
1788255949973 0.02571018971502781 24
1788255950094 0.026850389316678047 25
1788255950213 0.0195700004696846 26
1788255950344 0.019856788218021393 27
1788255950465 0.02056213654577732 28
1788255950584 0.010627731680870056 29
1788255950706 0.018801409751176834 30
1788255950821 0.02035936340689659 31
1788255950939 0.026529809460043907 32
1788255951058 0.023671090602874756 33
1788255951174 0.010223200544714928 34
1788255951300 0.012550527229905128 35
1788255951423 0.017937004566192627 36
1788255951547 0.01127716340124607 37
1788255951671 0.010308760218322277 38
1788255951788 0.03591281175613403 39
1788255951907 0.013971632346510887 40
1788255952026 0.010362350381910801 41
1788255952144 0.016137978062033653 42
1788255952266 0.010587808676064014 43
1788255952387 0.008289682678878307 44
1788255952505 0.010987944900989532 45
1788255952625 0.024732718244194984 46
1788255952740 0.017136165872216225 47
