1787658859767 0.791208803653717 0
1787658859931 0.9368131756782532 1
1787658860082 0.9505494236946106 2
1787658860212 0.9478021860122681 3
1787658860342 0.9615384340286255 4
1787658860476 0.9780219793319702 5
1787658860612 0.9780219793319702 6
1787658860793 0.9752747416496277 7
1787658860956 0.9807692170143127 8
1787658861132 0.9807692170143127 9
1787658861281 0.9835164546966553 10
1787658861400 0.9780219793319702 11
1787658861524 0.9725274443626404 12
1787658861644 0.9862637519836426 13
1787658861766 0.9807692170143127 14
1787658861886 0.9807692170143127 15
1787658862014 0.9780219793319702 16
1787658862142 0.9862637519836426 17
1787658862265 0.9890109896659851 18
1787658862393 0.9890109896659851 19
1787658862516 0.9862637519836426 20
1787658862638 0.9807692170143127 21
1787658862763 0.9917582273483276 22
1787658862890 0.9835164546966553 23
1787658863017 0.9890109896659851 24
1787658863197 0.9890109896659851 25
1787658863332 0.9917582273483276 26
1787658863452 0.9890109896659851 27
1787658863573 0.9890109896659851 28
1787658863692 0.9945054650306702 29
1787658863812 0.9972527623176575 30
1787658863932 0.9945054650306702 31
1787658864058 0.9945054650306702 32
1787658864179 0.9972527623176575 33
1787658864300 0.9972527623176575 34
1787658864421 0.9945054650306702 35
1787658864543 0.9972527623176575 36
1787658864678 0.9917582273483276 37
1787658864817 0.9945054650306702 38
1787658864942 0.9945054650306702 39
1787658865067 0.9972527623176575 40
1787658865188 1.0 41
1787658865313 0.9945054650306702 42
1787658865434 0.9917582273483276 43
1787658865555 0.9945054650306702 44
1787658865673 0.9972527623176575 45
1787658865796 1.0 46
1787658865920 1.0 47
1787658866045 0.9917582273483276 48
1787658866175 1.0 49
