1787658859767 0.44468387961387634 0
1787658859931 0.20715826749801636 1
1787658860082 0.15474076569080353 2
1787658860212 0.14697733521461487 3
1787658860342 0.12426267564296722 4
1787658860476 0.08809560537338257 5
1787658860612 0.08649853616952896 6
1787658860793 0.07151791453361511 7
1787658860956 0.07032035291194916 8
1787658861132 0.06754010915756226 9
1787658861281 0.05417434498667717 10
1787658861400 0.07586687058210373 11
1787658861524 0.06691618263721466 12
1787658861644 0.04643284156918526 13
1787658861766 0.054892316460609436 14
1787658861886 0.046517543494701385 15
1787658862014 0.05371645465493202 16
1787658862142 0.039137888699769974 17
1787658862265 0.031243329867720604 18
1787658862393 0.03667405992746353 19
1787658862516 0.05489444360136986 20
1787658862638 0.03306182101368904 21
1787658862763 0.027467874810099602 22
1787658862890 0.030817676335573196 23
1787658863017 0.03336178511381149 24
1787658863197 0.03389720246195793 25
1787658863332 0.023290948942303658 26
1787658863452 0.024079862982034683 27
1787658863573 0.02350240759551525 28
1787658863692 0.02456720359623432 29
1787658863812 0.017238464206457138 30
1787658863932 0.01630641147494316 31
1787658864058 0.015301130712032318 32
1787658864179 0.013172090984880924 33
1787658864300 0.011665185913443565 34
1787658864421 0.013698619790375233 35
1787658864543 0.013755908235907555 36
1787658864678 0.01829899102449417 37
1787658864817 0.01734633557498455 38
1787658864942 0.01733790710568428 39
1787658865067 0.011160495691001415 40
1787658865188 0.009137537330389023 41
1787658865313 0.015555142425000668 42
1787658865434 0.016284657642245293 43
1787658865555 0.013176711276173592 44
1787658865673 0.014946629293262959 45
1787658865796 0.009536598809063435 46
1787658865920 0.006746686529368162 47
1787658866045 0.009499154053628445 48
1787658866175 0.007833304814994335 49
