1787909562477 0.7637362480163574 0
1787909562634 0.9203296899795532 1
1787909562780 0.9478021860122681 2
1787909562933 0.9560439586639404 3
1787909563057 0.9697802066802979 4
1787909563195 0.9697802066802979 5
1787909563710 0.9752747416496277 6
1787909564065 0.9725274443626404 7
1787909564182 0.9807692170143127 8
1787909564853 0.9752747416496277 9
1787909564997 0.9835164546966553 10
1787909565125 0.9807692170143127 11
1787909565762 0.9807692170143127 12
1787909566018 0.9807692170143127 13
1787909566277 0.9862637519836426 14
1787909566776 0.9890109896659851 15
1787909567031 0.9807692170143127 16
1787909567171 0.9862637519836426 17
1787909567323 0.9835164546966553 18
1787909567448 0.9862637519836426 19
1787909567578 0.9835164546966553 20
1787909567704 0.9862637519836426 21
1787909567829 0.9835164546966553 22
1787909567954 0.9917582273483276 23
1787909568075 0.9917582273483276 24
1787909568195 0.9945054650306702 25
1787909568323 0.9972527623176575 26
1787909568449 0.9917582273483276 27
