1787909562477 0.4717859625816345 0
1787909562634 0.22288286685943604 1
1787909562780 0.16059421002864838 2
1787909562933 0.14409637451171875 3
1787909563057 0.11629632860422134 4
1787909563195 0.11202257126569748 5
1787909563710 0.10321446508169174 6
1787909564065 0.0960429236292839 7
1787909564182 0.08294111490249634 8
1787909564853 0.08431875705718994 9
1787909564997 0.059843678027391434 10
1787909565125 0.061365820467472076 11
1787909566277 0.05408652126789093 14
1787909566018 0.06832140684127808 13
1787909565762 0.05915883183479309 12
1787909566776 0.04759747534990311 15
1787909567031 0.0647137463092804 16
1787909567171 0.04876601696014404 17
1787909567323 0.050986338406801224 18
1787909567448 0.04299997538328171 19
1787909567578 0.0368366613984108 20
1787909567704 0.04273780807852745 21
1787909567829 0.041880857199430466 22
1787909567954 0.028731057420372963 23
1787909568075 0.027519870549440384 24
1787909568195 0.026529723778367043 25
1787909568323 0.020474107936024666 26
1787909568449 0.024876277893781662 27
