1788255791100 0.9147058725357056 1
1788255790963 0.7558823823928833 0
1788255791240 0.9617646932601929 2
1788255791373 0.9470587968826294 3
1788255791498 0.9558823704719543 4
1788255791625 0.9764705896377563 5
1788255791745 0.9676470756530762 6
1788255791865 0.9823529124259949 7
1788255791987 0.9764705896377563 8
1788255792109 0.9823529124259949 9
1788255792225 0.9823529124259949 10
1788255792342 0.9882352948188782 11
1788255792457 0.9911764860153198 12
1788255792585 0.9852941036224365 13
1788255792717 0.9911764860153198 14
1788255792835 0.9911764860153198 15
1788255792953 0.9882352948188782 16
1788255793066 0.9852941036224365 17
1788255793181 0.9882352948188782 18
1788255793296 0.9911764860153198 19
