1788255791100 0.2161714881658554 1
1788255790963 0.4971674680709839 0
1788255791240 0.15888716280460358 2
1788255791373 0.1488916575908661 3
1788255791498 0.11154308170080185 4
1788255791625 0.09616459161043167 5
1788255791745 0.1004343032836914 6
1788255791865 0.08114543557167053 7
1788255791987 0.08339216560125351 8
1788255792109 0.06972447782754898 9
1788255792225 0.0673159509897232 10
1788255792342 0.05606455355882645 11
1788255792457 0.05108713358640671 12
1788255792585 0.05233282595872879 13
1788255792717 0.04184935986995697 14
1788255792835 0.032676149159669876 15
1788255792953 0.03597491979598999 16
1788255793066 0.03997521474957466 17
1788255793181 0.032962240278720856 18
1788255793296 0.046227291226387024 19
